30 clocks x 3 shapes, 15 MHz steps through the knee

     f   idle W                1k x4k                4k x8k               8k x16k
                     W      ms     mJ      W      ms     mJ      W      ms     mJ
   510     61.0    115   0.571     66    154   5.438    837    154  40.677   6268
   705     62.2    142   0.415     59    182   3.939    716    190  29.436   5606
   780     63.1    152   0.375     57    203   3.563    723    214  26.611   5691
   855     59.9    158   0.344     54    216   3.248    703    230  24.276   5591
   870     63.2    161   0.337     54    213   3.193    681    224  23.855   5343
   885     64.3    163   0.331     54    224   3.138    703    236  23.456   5536
   900     64.3    160   0.327     52    228   3.087    704    239  23.062   5506
   915     64.6    163   0.320     52    232   3.035    703    232  22.683   5267
   930     65.0    170   0.317     54    234   2.987    699    245  22.318   5458
   945     65.0    166   0.311     52    237   2.939    697    239  21.966   5258
   960     65.2    173   0.306     53    240   2.893    693    252  21.622   5453
   975     65.4    172   0.303     52    239   2.850    681    251  21.289   5349
   990     65.5    173   0.297     51    247   2.806    692    258  20.967   5406
  1005     65.7    174   0.294     51    247   2.764    683    264  20.650   5445
  1020     65.9    175   0.289     51    250   2.724    680    269  20.352   5470
  1035     66.5    180   0.285     51    257   2.685    689    275  20.055   5516
  1050     66.7    182   0.281     51    264   2.646    698    284  19.768   5607
  1065     67.4    188   0.277     52    260   2.609    679    292  19.492   5683
  1080     68.1    194   0.274     53    277   2.572    712    299  19.219   5752
  1095     68.9    202   0.269     54    286   2.538    725    310  18.958   5868
  1110     69.6    200   0.265     53    295   2.503    738    318  18.701   5944
  1125     70.4    208   0.263     55    300   2.470    742    313  18.451   5782
  1140     71.2    210   0.259     54    311   2.438    758    335  18.209   6099
  1155     71.8    217   0.256     56    308   2.407    741    344  17.973   6182
  1170     72.3    229   0.253     58    329   2.376    783    356  17.743   6315
  1185     73.5    234   0.250     58    337   2.345    789    365  17.518   6392
  1200     74.1    235   0.247     58    345   2.317    800    366  17.300   6331
  1215     75.3    242   0.243     59    363   2.289    830    390  17.085   6664
  1230     76.6    256   0.242     62    372   2.262    842    401  16.880   6767
  1245     71.9    257   0.238     61    381   2.232    851    400  16.679   6679*
[clocks] restored

wrote /home/xinting/aiconfigurator_overlap_exp/tools/overlap_exp/data/voltage_knee.csv  (90 rows)
